-1.500 1.500 0.000 0 0 0 0 0 0 0 0
-1.500 1.500 0.017 0 0 0 0 0 0 0 0
-1.500 1.500 0.033 0 0 0 0 0 0 0 0
-1.500 1.500 0.050 0 0 0 0 0 0 0 0
-1.500 1.500 0.067 0 0 0 0 0 0 0 0
-1.500 1.500 0.083 0 0 0 0 0 0 0 0
-1.500 1.500 0.100 0 0 0 0 0 0 0 0
-1.500 1.500 0.117 0 0 0 0 0 0 0 0
-1.500 1.500 0.133 0 0 0 0 0 0 0 0
-1.500 1.500 0.150 0 0 0 0 0 0 0 0
-1.500 1.500 0.167 0 0 0 0 0 0 0 0
-1.500 1.500 0.183 0 0 0 0 0 0 0 0
-1.500 1.500 0.200 0 0 0 0 0 0 0 0
-1.500 1.500 0.217 0 0 0 0 0 0 0 0
-1.500 1.500 0.233 0 0 0 0 0 0 0 0
-1.500 1.500 0.250 0 0 0 0 0 0 0 0
-1.500 1.500 0.267 0 0 0 0 0 0 0 0
-1.500 1.500 0.283 0 0 0 0 0 0 0 0
-1.500 1.500 0.300 0 0 0 0 0 0 0 0
-1.500 1.500 0.317 0 0 0 0 0 0 0 0
-1.500 1.500 0.333 0 0 0 0 0 0 0 0
-1.500 1.500 0.350 0 0 0 0 0 0 0 0
-1.500 1.500 0.367 0 0 0 0 0 0 0 0
-1.500 1.500 0.383 0 0 0 0 0 0 0 0
-1.500 1.500 0.400 0 0 0 0 0 0 0 0
-1.500 1.500 0.417 0 0 0 0 0 0 0 0
-1.500 1.500 0.433 0 0 0 0 0 0 0 0
-1.500 1.500 0.450 0 0 0 0 0 0 0 0
-1.500 1.500 0.467 0 0 0 0 0 0 0 0
-1.500 1.500 0.483 0 0 0 0 0 0 0 0
-1.500 1.500 0.500 0 0 0 0 0 0 0 0
-1.500 1.500 0.517 0 0 0 0 0 0 0 0
-1.500 1.500 0.533 0 0 0 0 0 0 0 0
-1.500 1.500 0.550 0 0 0 0 0 0 0 0
-1.500 1.500 0.567 0 0 0 0 0 0 0 0
-1.500 1.500 0.583 0 0 0 0 0 0 0 0
-1.500 1.500 0.600 0 0 0 0 0 0 0 0
-1.500 1.500 0.617 0 0 0 0 0 0 0 0
-1.500 1.500 0.633 0 0 0 0 0 0 0 0
-1.500 1.500 0.650 0 0 0 0 0 0 0 0
-1.500 1.500 0.667 0 0 0 0 0 0 0 0
-1.500 1.500 0.683 0 0 0 0 0 0 0 0
-1.500 1.500 0.700 0 0 0 0 0 0 0 0
-1.500 1.500 0.717 0 0 0 0 0 0 0 0
-1.500 1.500 0.733 0 0 0 0 0 0 0 0
-1.500 1.500 0.750 0 0 0 0 0 0 0 0
-1.500 1.500 0.767 0 0 0 0 0 0 0 0
-1.500 1.500 0.783 0 0 0 0 0 0 0 0
-1.500 1.500 0.800 0 0 0 0 0 0 0 0
-1.500 1.500 0.817 0 0 0 0 0 0 0 0
-1.500 1.500 0.833 0 0 0 0 0 0 0 0
-1.500 1.500 0.850 0 0 0 0 0 0 0 0
-1.500 1.500 0.867 0 0 0 0 0 0 0 0
-1.500 1.500 0.883 0 0 0 0 0 0 0 0
-1.500 1.500 0.900 0 0 0 0 0 0 0 0
-1.500 1.500 0.917 0 0 0 0 0 0 0 0
-1.500 1.500 0.933 0 0 0 0 0 0 0 0
-1.500 1.500 0.950 0 0 0 0 0 0 0 0
-1.500 1.500 0.967 0 0 0 0 0 0 0 0
-1.500 1.500 0.983 0 0 0 0 0 0 0 0
-1.500 1.500 1.000 0 0 0 0 0 0 0 0
-1.500 1.500 1.000 0 0 0 0 0 0 0 0
-1.462 1.462 1.000 0 0 0 0 0 0 0 0
-1.425 1.425 1.000 0 0 0 0 0 0 0 0
-1.387 1.387 1.000 0 0 0 0 0 0 0 0
-1.350 1.350 1.000 0 0 0 0 0 0 0 0
-1.313 1.313 1.000 0 0 0 0 0 0 0 0
-1.275 1.275 1.000 0 0 0 0 0 0 0 0
-1.238 1.238 1.000 0 0 0 0 0 0 0 0
-1.200 1.200 1.000 0 0 0 0 0 0 0 0
===
-1.200 1.200 1.000 0 0 0 0 0 0 0 0
-1.160 1.160 1.000 0 0 0 0 0 0 0 0
-1.120 1.120 1.000 0 0 0 0 0 0 0 0
-1.080 1.080 1.000 0 0 0 0 0 0 0 0
-1.040 1.040 1.000 0 0 0 0 0 0 0 0
-1.000 1.000 1.000 0 0 0 0 0 0 0 0
-0.960 0.960 1.000 0 0 0 0 0 0 0 0
-0.920 0.920 1.000 0 0 0 0 0 0 0 0
-0.880 0.880 1.000 0 0 0 0 0 0 0 0
-0.840 0.840 1.000 0 0 0 0 0 0 0 0
-0.800 0.800 1.000 0 0 0 0 0 0 0 0
-0.760 0.760 1.000 0 0 0 0 0 0 0 0
-0.720 0.720 1.000 0 0 0 0 0 0 0 0
-0.680 0.680 1.000 0 0 0 0 0 0 0 0
-0.640 0.640 1.000 0 0 0 0 0 0 0 0
-0.600 0.600 1.000 0 0 0 0 0 0 0 0
-0.560 0.560 1.000 0 0 0 0 0 0 0 0
-0.520 0.520 1.000 0 0 0 0 0 0 0 0
-0.480 0.480 1.000 0 0 0 0 0 0 0 0
-0.440 0.440 1.000 0 0 0 0 0 0 0 0
-0.400 0.400 1.000 0 0 0 0 0 0 0 0
-0.360 0.400 1.000 0 0 0 0 0 0 0 0
-0.320 0.400 1.000 0 0 0 0 0 0 0 0
-0.280 0.400 1.000 0 0 0 0 0 0 0 0
-0.240 0.400 1.000 0 0 0 0 0 0 0 0
-0.200 0.400 1.000 0 0 0 0 0 0 0 0
-0.160 0.400 1.000 0 0 0 0 0 0 0 0
-0.120 0.400 1.000 0 0 0 0 0 0 0 0
-0.080 0.400 1.000 0 0 0 0 0 0 0 0
-0.040 0.400 1.000 0 0 0 0 0 0 0 0
0.000 0.400 1.000 0 0 0 0 0 0 0 0
0.040 0.400 1.000 0 0 0 0 0 0 0 0
0.080 0.400 1.000 0 0 0 0 0 0 0 0
0.120 0.400 1.000 0 0 0 0 0 0 0 0
0.160 0.400 1.000 0 0 0 0 0 0 0 0
0.200 0.400 1.000 0 0 0 0 0 0 0 0
0.240 0.400 1.000 0 0 0 0 0 0 0 0
0.280 0.400 1.000 0 0 0 0 0 0 0 0
0.320 0.400 1.000 0 0 0 0 0 0 0 0
0.360 0.400 1.000 0 0 0 0 0 0 0 0
0.400 0.400 1.000 0 0 0 0 0 0 0 0
0.440 0.400 1.000 0 0 0 0 0 0 0 0
0.480 0.400 1.000 0 0 0 0 0 0 0 0
0.520 0.400 1.000 0 0 0 0 0 0 0 0
0.560 0.400 1.000 0 0 0 0 0 0 0 0
0.600 0.400 1.000 0 0 0 0 0 0 0 0
0.640 0.400 1.000 0 0 0 0 0 0 0 0
0.680 0.400 1.000 0 0 0 0 0 0 0 0
0.720 0.400 1.000 0 0 0 0 0 0 0 0
0.760 0.400 1.000 0 0 0 0 0 0 0 0
0.800 0.400 1.000 0 0 0 0 0 0 0 0
0.840 0.400 1.000 0 0 0 0 0 0 0 0
0.880 0.400 1.000 0 0 0 0 0 0 0 0
0.920 0.400 1.000 0 0 0 0 0 0 0 0
0.960 0.400 1.000 0 0 0 0 0 0 0 0
1.000 0.400 1.000 0 0 0 0 0 0 0 0
1.040 0.400 1.000 0 0 0 0 0 0 0 0
1.080 0.400 1.000 0 0 0 0 0 0 0 0
1.120 0.400 1.000 0 0 0 0 0 0 0 0
1.160 0.400 1.000 0 0 0 0 0 0 0 0
1.200 0.400 1.000 0 0 0 0 0 0 0 0
1.240 0.400 1.000 0 0 0 0 0 0 0 0
1.280 0.400 1.000 0 0 0 0 0 0 0 0
1.320 0.400 1.000 0 0 0 0 0 0 0 0
1.360 0.400 1.000 0 0 0 0 0 0 0 0
1.400 0.400 1.000 0 0 0 0 0 0 0 0
1.440 0.400 1.000 0 0 0 0 0 0 0 0
1.480 0.400 1.000 0 0 0 0 0 0 0 0
1.520 0.400 1.000 0 0 0 0 0 0 0 0
1.560 0.400 1.000 0 0 0 0 0 0 0 0
1.600 0.400 1.000 0 0 0 0 0 0 0 0
1.640 0.360 1.000 0 0 0 0 0 0 0 0
1.680 0.320 1.000 0 0 0 0 0 0 0 0
1.720 0.280 1.000 0 0 0 0 0 0 0 0
1.760 0.240 1.000 0 0 0 0 0 0 0 0
1.800 0.200 1.000 0 0 0 0 0 0 0 0
1.840 0.160 1.000 0 0 0 0 0 0 0 0
1.880 0.120 1.000 0 0 0 0 0 0 0 0
1.920 0.080 1.000 0 0 0 0 0 0 0 0
1.960 0.040 1.000 0 0 0 0 0 0 0 0
2.000 0.000 1.000 0 0 0 0 0 0 0 0
===
2.000 0.000 1.000 0 0 0 0 0 0 0 0
1.975 0.000 1.000 0 0 0 0 0 0 0 0
1.950 0.000 1.000 0 0 0 0 0 0 0 0
1.925 0.000 1.000 0 0 0 0 0 0 0 0
1.900 0.000 1.000 0 0 0 0 0 0 0 0
1.875 0.000 1.000 0 0 0 0 0 0 0 0
1.850 0.000 1.000 0 0 0 0 0 0 0 0
1.825 0.000 1.000 0 0 0 0 0 0 0 0
1.800 0.000 1.000 0 0 0 0 0 0 0 0
===
1.800 0.000 1.000 0 0 0 0 0 0 0 0
1.760 0.000 1.000 0 0 0 0 0 0 0 0
1.720 0.000 1.000 0 0 0 0 0 0 0 0
1.680 0.000 1.000 0 0 0 0 0 0 0 0
1.640 0.000 1.000 0 0 0 0 0 0 0 0
1.600 0.000 1.000 0 0 0 0 0 0 0 0
1.560 0.000 1.000 0 0 0 0 0 0 0 0
1.520 0.000 1.000 0 0 0 0 0 0 0 0
1.480 0.000 1.000 0 0 0 0 0 0 0 0
1.440 0.000 1.000 0 0 0 0 0 0 0 0
1.400 0.000 1.000 0 0 0 0 0 0 0 0
1.360 0.000 1.000 0 0 0 0 0 0 0 0
1.320 0.000 1.000 0 0 0 0 0 0 0 0
1.280 0.000 1.000 0 0 0 0 0 0 0 0
1.240 0.000 1.000 0 0 0 0 0 0 0 0
1.200 0.000 1.000 0 0 0 0 0 0 0 0
1.160 0.000 1.000 0 0 0 0 0 0 0 0
1.120 0.000 1.000 0 0 0 0 0 0 0 0
1.080 0.000 1.000 0 0 0 0 0 0 0 0
1.040 0.000 1.000 0 0 0 0 0 0 0 0
1.000 0.000 1.000 0 0 0 0 0 0 0 0
0.960 -0.040 1.000 0 0 0 0 0 0 0 0
0.920 -0.080 1.000 0 0 0 0 0 0 0 0
0.880 -0.120 1.000 0 0 0 0 0 0 0 0
0.840 -0.160 1.000 0 0 0 0 0 0 0 0
0.800 -0.200 1.000 0 0 0 0 0 0 0 0
0.760 -0.240 1.000 0 0 0 0 0 0 0 0
0.720 -0.280 1.000 0 0 0 0 0 0 0 0
0.680 -0.320 1.000 0 0 0 0 0 0 0 0
0.640 -0.360 1.000 0 0 0 0 0 0 0 0
0.600 -0.400 1.000 0 0 0 0 0 0 0 0
0.560 -0.440 1.000 0 0 0 0 0 0 0 0
0.520 -0.480 1.000 0 0 0 0 0 0 0 0
0.480 -0.520 1.000 0 0 0 0 0 0 0 0
0.440 -0.560 1.000 0 0 0 0 0 0 0 0
0.400 -0.600 1.000 0 0 0 0 0 0 0 0
0.400 -0.640 1.000 0 0 0 0 0 0 0 0
0.400 -0.680 1.000 0 0 0 0 0 0 0 0
0.400 -0.720 1.000 0 0 0 0 0 0 0 0
0.400 -0.760 1.000 0 0 0 0 0 0 0 0
0.400 -0.800 1.000 0 0 0 0 0 0 0 0
0.360 -0.840 1.000 0 0 0 0 0 0 0 0
0.320 -0.880 1.000 0 0 0 0 0 0 0 0
0.280 -0.920 1.000 0 0 0 0 0 0 0 0
0.240 -0.960 1.000 0 0 0 0 0 0 0 0
0.200 -1.000 1.000 0 0 0 0 0 0 0 0
0.160 -1.040 1.000 0 0 0 0 0 0 0 0
0.120 -1.080 1.000 0 0 0 0 0 0 0 0
0.080 -1.120 1.000 0 0 0 0 0 0 0 0
0.040 -1.160 1.000 0 0 0 0 0 0 0 0
0.000 -1.200 1.000 0 0 0 0 0 0 0 0
-0.040 -1.200 1.000 0 0 0 0 0 0 0 0
-0.080 -1.200 1.000 0 0 0 0 0 0 0 0
-0.120 -1.200 1.000 0 0 0 0 0 0 0 0
-0.160 -1.200 1.000 0 0 0 0 0 0 0 0
-0.200 -1.200 1.000 0 0 0 0 0 0 0 0
-0.240 -1.200 1.000 0 0 0 0 0 0 0 0
-0.280 -1.200 1.000 0 0 0 0 0 0 0 0
-0.320 -1.200 1.000 0 0 0 0 0 0 0 0
-0.360 -1.200 1.000 0 0 0 0 0 0 0 0
-0.400 -1.200 1.000 0 0 0 0 0 0 0 0
-0.440 -1.200 1.000 0 0 0 0 0 0 0 0
-0.480 -1.200 1.000 0 0 0 0 0 0 0 0
-0.520 -1.200 1.000 0 0 0 0 0 0 0 0
-0.560 -1.200 1.000 0 0 0 0 0 0 0 0
-0.600 -1.200 1.000 0 0 0 0 0 0 0 0
-0.640 -1.200 1.000 0 0 0 0 0 0 0 0
-0.680 -1.200 1.000 0 0 0 0 0 0 0 0
-0.720 -1.200 1.000 0 0 0 0 0 0 0 0
-0.760 -1.200 1.000 0 0 0 0 0 0 0 0
-0.800 -1.200 1.000 0 0 0 0 0 0 0 0
-0.840 -1.200 1.000 0 0 0 0 0 0 0 0
-0.880 -1.200 1.000 0 0 0 0 0 0 0 0
-0.920 -1.200 1.000 0 0 0 0 0 0 0 0
-0.960 -1.200 1.000 0 0 0 0 0 0 0 0
-1.000 -1.200 1.000 0 0 0 0 0 0 0 0
-1.040 -1.240 1.000 0 0 0 0 0 0 0 0
-1.080 -1.280 1.000 0 0 0 0 0 0 0 0
-1.120 -1.320 1.000 0 0 0 0 0 0 0 0
-1.160 -1.360 1.000 0 0 0 0 0 0 0 0
-1.200 -1.400 1.000 0 0 0 0 0 0 0 0
-1.240 -1.440 1.000 0 0 0 0 0 0 0 0
-1.280 -1.480 1.000 0 0 0 0 0 0 0 0
-1.320 -1.520 1.000 0 0 0 0 0 0 0 0
-1.360 -1.560 1.000 0 0 0 0 0 0 0 0
-1.400 -1.600 1.000 0 0 0 0 0 0 0 0
===
